-60.05000	-60.10000
-60.09576	-60.19270
-60.13733	-60.27849
-60.17493	-60.35765
-60.20479	-60.42405
-60.22556	-60.47568
-60.24231	-60.51975
-60.25043	-60.55027
-60.24210	-60.55464
-60.25523	-60.59501
-60.22904	-60.56964
-60.19404	-60.52895
-60.15739	-60.48595
-60.13022	-60.45751
-60.10866	-60.43893
-60.06910	-60.38779
-59.99861	-60.28675
-59.92806	-60.18505
-59.89769	-60.15103
-59.84964	-60.09193
-59.73951	-59.92823
-59.62263	-59.75448
-59.49807	-59.56954
-59.43096	-59.47534
-59.31636	-59.30903
-59.17842	-59.10332
-59.05714	-58.92774
-58.88949	-58.67631
-58.77669	-58.51476
-58.61381	-58.27697
-58.47116	-58.07029
-58.36922	-57.93023
-58.15412	-57.60827
-57.99453	-57.37630
-57.80057	-57.09448
-57.66783	-56.90982
-57.58266	-56.80403
-57.33994	-56.44349
-57.17195	-56.20626
-56.95458	-55.89043
-56.70232	-55.51838
-56.54846	-55.30764
-56.29245	-54.93144
-56.28485	-54.95871
-56.02674	-54.57912
-55.77972	-54.32286
-55.61470	-54.10035
-55.38598	-53.77753
-55.18502	-53.75258
-54.92821	-53.70347
-54.70739	-53.62319
-54.55345	-53.69660
-54.38571	-53.96311
-54.23492	-53.87790
-54.01486	-53.74270
-53.88616	-53.97885
-53.79130	-54.06324
-53.74929	-54.15008
-53.60244	-54.40326
-53.49635	-54.56228
-53.43860	-54.70559
-53.41895	-54.63981
-53.42579	-54.69171
-53.34863	-54.96869
-53.36347	-55.27365
-53.36441	-55.37362
-53.46539	-55.87359
-53.52294	-55.87085
-53.53392	-55.83141
-53.64153	-56.18522
-53.69043	-56.11283
-53.81789	-56.14831
-53.89247	-56.26246
-54.09204	-56.49986
-54.49653	-56.57237
-54.66585	-56.51581
-54.83840	-56.61547
-55.07578	-56.78738
-55.62304	-56.63193
-56.30480	-56.49310
-57.02009	-56.56914
-57.24488	-56.57863
-57.91358	-56.59107
-58.54260	-56.76404
-59.10895	-57.66498
-59.37661	-58.45291
-59.38859	-58.55408
-59.40072	-58.71011
-59.34665	-58.95476
-59.31902	-58.89576
-59.24967	-58.71266
-59.22320	-58.52041
-59.21446	-58.39526
-59.08629	-58.08769
-58.97060	-57.78405
-58.85810	-57.43558
-58.74698	-57.10235
-58.64676	-56.87711
-58.53408	-56.99927
-58.37920	-57.27007
-58.17646	-57.37260
-57.97482	-57.58301
-57.78510	-57.51129
-57.51484	-57.56322
-57.27397	-57.86558
-57.11636	-57.98094
-57.03962	-58.10630
-57.02667	-57.95232
-56.92496	-57.87441
-56.85911	-57.65795
-56.89394	-57.43115
-56.86293	-57.27999
-56.83274	-57.09886
-56.76957	-56.92171
-56.75440	-56.71760
-56.75203	-56.57033
-56.79763	-56.60816
-56.85478	-56.41126
-56.81784	-56.28166
-56.81401	-56.37804
-56.86140	-56.38677
-56.87874	-56.42955
-56.90905	-56.44736
-56.94702	-56.36836
-57.01139	-56.45710
-57.09632	-56.60608
-57.11385	-56.65612
-57.10717	-56.68149
-57.14961	-56.81511
-57.22716	-56.96476
-57.36700	-57.20924
-57.42058	-57.24825
-57.45064	-57.26649
-57.52189	-57.31506
-57.63502	-57.48689
-57.81109	-57.75741
-57.92014	-57.90841
-57.97580	-57.98042
-58.07803	-58.11825
-58.19176	-58.30345
-58.39012	-58.62754
-58.52864	-58.83773
-58.57503	-58.90149
-58.68934	-59.07762
-58.79508	-59.25397
-58.98321	-59.56881
-59.12450	-59.79966
-59.15249	-59.84960
-59.25610	-60.02280
-59.34493	-60.17787
-59.51008	-60.45817
-59.64874	-60.68933
-59.68600	-60.76195
-59.76927	-60.91134
-59.83972	-61.03875
-59.99011	-61.28212
-60.10326	-61.48068
-60.12143	-61.52706
-60.18183	-61.64331
-60.22061	-61.71707
-60.26951	-61.81510
-60.31716	-61.91086
-60.31184	-61.91208
-60.34864	-61.99367
-60.33499	-61.98647
-60.36341	-62.05647
-60.37964	-62.15791
-60.35019	-62.11813
-60.34941	-62.14471
-60.30423	-62.08779
-60.30874	-62.17226
-60.29598	-62.23042
-60.26144	-62.16014
-60.22683	-62.13696
-60.18608	-62.04567
-60.16741	-62.04788
-60.14197	-62.01840
-60.05696	-61.88645
-60.00512	-61.77752
-59.92281	-61.63603
-59.87136	-61.57937
-59.80821	-61.53232
-59.69558	-61.35025
-59.56562	-61.22315
-59.47087	-61.03537
-59.36325	-60.88083
-59.25511	-60.68352
-59.13663	-60.49271
-58.95937	-60.23129
-58.84536	-60.01203
-58.73001	-59.90295
-58.58637	-59.64526
-58.53205	-59.57844
-58.38118	-59.26977
-58.26138	-59.01802
-58.12592	-58.76669
-57.95214	-58.45584
-57.88051	-58.31506
-57.70469	-58.17262
-57.55107	-57.91425
-57.39327	-57.67039
-57.27290	-57.43209
-57.19739	-57.24651
-57.10531	-57.09927
-56.96917	-56.83447
-56.85949	-56.87019
-56.69081	-56.76190
-56.67388	-56.61786
-56.58943	-56.62278
-56.50697	-56.51341
-56.48242	-56.44011
-56.39150	-56.62140
-56.34072	-56.45230
-56.39215	-56.59417
-56.47528	-56.95662
-56.50997	-56.96372
-56.70788	-57.08929
-56.71875	-56.99012
-56.82730	-56.99201
-56.81774	-56.95625
-56.89870	-57.08035
-57.13192	-57.32107
-57.12709	-57.30109
-57.27431	-57.11154
-57.44296	-57.08591
-57.58360	-57.36023
-57.71801	-57.40765
-57.91042	-57.64705
-57.92227	-57.57943
-58.00548	-57.64733
-58.07882	-57.61655
-58.05984	-57.83098
-58.12476	-57.78712
-58.09402	-57.97902
-58.07474	-58.05545
-58.07766	-57.93671
-58.05319	-57.70385
-58.00939	-57.53501
-58.01771	-57.61669
-57.97771	-57.34828
-57.90418	-57.05939
-57.82202	-57.18420
-57.77610	-57.43026
-57.67444	-57.28683
-57.60217	-57.32697
-57.59126	-57.30539
-57.49686	-57.22674
-57.38882	-57.15616
-57.36980	-57.31786
-57.38775	-57.55453
-57.34985	-57.46702
-57.24393	-57.43594
-57.17993	-57.38187
-57.10846	-57.13984
-57.07159	-57.07277
-57.08439	-56.99009
-57.04663	-56.89636
-57.03240	-56.74853
-57.00011	-56.55078
-56.94118	-56.31174
-56.91349	-56.54421
-56.86563	-56.57207
-56.91670	-56.46318
-56.87685	-56.47125
-56.90946	-56.47731
-56.88824	-56.43643
-56.92335	-56.51827
-56.96294	-56.50147
-56.94937	-56.52694
-56.99647	-56.73675
-57.04240	-56.74153
-57.03887	-56.63124
-57.08010	-56.72997
-57.11312	-56.72871
-57.12251	-56.71325
-57.16299	-56.73027
-57.20082	-56.76846
-57.24501	-56.78196
-57.26228	-56.76692
-57.31406	-56.75046
-57.35480	-56.77898
-57.36384	-56.75827
-57.43542	-56.85950
-57.47556	-57.01291
-57.53424	-57.08907
-57.58297	-57.15666
-57.62000	-57.14880
-57.71258	-57.28246
-57.72098	-57.29832
-57.77949	-57.40023
-57.84683	-57.49361
-57.87605	-57.62238
-57.98226	-57.79936
-57.97503	-57.79569
-58.02339	-57.88546
-58.08312	-57.99309
-58.11601	-58.05712
-58.23225	-58.25971
-58.22756	-58.26362
-58.28363	-58.42642
-58.34656	-58.54649
-58.38827	-58.61451
-58.49426	-58.80910
-58.48428	-58.79381
-58.55758	-58.88080
-58.60437	-58.98058
-58.60073	-59.05174
-58.69111	-59.22611
-58.62282	-59.13909
-58.62024	-59.16790
-58.63816	-59.22850
-58.61138	-59.24920
-58.67826	-59.38973
-58.59429	-59.28820
-58.56654	-59.25470
-58.55952	-59.32589
-58.49305	-59.25245
-58.53866	-59.35962
-58.42854	-59.20332
-58.40736	-59.13690
-58.37775	-59.09225
-58.30962	-59.02419
-58.24330	-58.88937
-58.22548	-58.86344
-58.14629	-58.77065
-58.07526	-58.68379
-57.97042	-58.46096
-57.86017	-58.27769
-57.80648	-58.27079
-57.70080	-58.14864
-57.59232	-57.99084
-57.43512	-57.87154
-57.30518	-57.68271
-57.22753	-57.63554
-57.13261	-57.48754
-56.97902	-57.37356
-56.81672	-57.26008
-56.68927	-57.30949
-56.65651	-57.30322
-56.62044	-57.15469
-56.54276	-57.00199
-56.45632	-56.91348
-56.44006	-56.90542
-56.47037	-56.87268
-56.43341	-56.89112
-56.41282	-56.83520
-56.37919	-56.87205
-56.37289	-56.83294
-56.34032	-56.72987
-56.45675	-56.75162
-56.49901	-56.71096
-56.56154	-56.83798
-56.58385	-56.86761
-56.60201	-56.76579
-56.74888	-56.86801
-56.88168	-56.94895
-57.08709	-57.02783
-57.08799	-57.14518
-57.18423	-57.10402
-57.17580	-57.41156
-57.38107	-57.65264
-57.60700	-57.91065
-57.74790	-57.83161
-57.73915	-57.89725
-57.83186	-57.84804
-57.86088	-58.04509
-57.91220	-57.82300
-58.05210	-57.59037
-58.13097	-57.84506
-58.06340	-57.82029
-57.99133	-57.64566
-58.01470	-57.38559
-58.00388	-57.44477
-58.05898	-57.32484
-58.02897	-57.40569
-57.99017	-57.49102
-58.00046	-57.58894
-57.91323	-57.58620
-57.84450	-57.89089
-57.86441	-57.75634
-57.83302	-57.74603
-57.69765	-57.43188
-57.49667	-57.67294
-57.52259	-57.66568
-57.52644	-57.64039
-57.40307	-57.43772
-57.29233	-57.21646
-57.24004	-57.14892
-57.22386	-56.86602
-57.24727	-56.81767
-57.26693	-56.87847
-57.23393	-56.75813
-57.19358	-56.75426
-57.18901	-56.95069
-57.18591	-56.92871
-57.14451	-56.98152
-57.07062	-56.86193
-57.04035	-56.57860
-56.93816	-56.70926
-56.95549	-56.72814
-56.99432	-56.52721
-56.98574	-56.53191
-56.94457	-56.47126
-56.97613	-56.44257
-56.97857	-56.42435
-57.02107	-56.52014
-56.99067	-56.39165
-57.02220	-56.36350
-57.00413	-56.44582
-57.05598	-56.41261
-57.09422	-56.47050
-57.11275	-56.62150
-57.10975	-56.44735
-57.06488	-56.29913
-57.08216	-56.28562
-57.15402	-56.34245
-57.23367	-56.34734
-57.25774	-56.38085
-57.27085	-56.45534
-57.28497	-56.49550
-57.38502	-56.62807
-57.48266	-56.76756
-57.57611	-56.91324
-57.58963	-56.91568
-57.63140	-56.97111
-57.75857	-57.21982
-57.85914	-57.41906
-57.95846	-57.59174
-58.00757	-57.64692
-58.06838	-57.74197
-58.20960	-57.97723
-58.32163	-58.15934
-58.42472	-58.31893
-58.47290	-58.40019
-58.54372	-58.51947
-58.69557	-58.77876
-58.81833	-58.98834
-58.91080	-59.14189
-58.94306	-59.20466
-58.99308	-59.29449
-59.12161	-59.52201
-59.20718	-59.67763
-59.25941	-59.78002
-59.27287	-59.80117
-59.29960	-59.86121
-59.38375	-60.02034
-59.40829	-60.08137
-59.40661	-60.10100
-59.36841	-60.11082
-59.37265	-60.13848
-59.43099	-60.23857
-59.42907	-60.29476
-59.38001	-60.24386
-59.30850	-60.20217
-59.29992	-60.19445
-59.33866	-60.26069
-59.31985	-60.28894
-59.24318	-60.19684
-59.15935	-60.08669
-59.12542	-60.06304
-59.12949	-60.08920
-59.09179	-60.03127
-59.00468	-59.89618
-58.96225	-59.76880
-58.91761	-59.72518
-58.93574	-59.73183
-58.89476	-59.64256
-58.79208	-59.57400
-58.71676	-59.42950
-58.67854	-59.37156
-58.66744	-59.34739
-58.60271	-59.21409
-58.46143	-59.09494
-58.36020	-58.92515
-58.30914	-58.84174
-58.26716	-58.83841
-58.15691	-58.67331
-58.01519	-58.46147
-57.95592	-58.30759
-57.86899	-58.23426
-57.82067	-58.17453
-57.73060	-58.08400
-57.57050	-58.03014
-57.44479	-57.99071
-57.38096	-58.00184
-57.33080	-57.90568
-57.21653	-57.81790
-57.11050	-57.67724
-56.95865	-57.65059
-56.88914	-57.48510
-56.86669	-57.38279
-56.80407	-57.20215
-56.61810	-57.29748
-56.53933	-57.08176
-56.58844	-57.08768
-56.57531	-57.13371
-56.56632	-57.00683
-56.49689	-56.77694
-56.47156	-56.53371
-56.45965	-56.47903
-56.48350	-56.51291
-56.41749	-56.28987
-56.50315	-56.43994
-56.41727	-56.26777
-56.52637	-56.18829
-56.53192	-56.55007
-56.54871	-56.48546
-56.64477	-56.87807
-56.75814	-56.96822
-56.89814	-56.98885
-57.06550	-57.15438
-57.11476	-57.64951
-57.36824	-57.72629
-57.53321	-57.82071
-57.77903	-57.72275
-57.79042	-57.73365
-57.83200	-58.11430
-57.91386	-57.78324
-57.90753	-57.55583
-57.95848	-57.44748
-57.90653	-57.45072
-57.96192	-57.31153
-57.98550	-57.06272
-57.96324	-57.19089
-57.96040	-57.42040
-57.91394	-57.36722
-57.89061	-57.53429
-57.91942	-57.33458
-57.82265	-57.46755
-57.82451	-57.73983
-57.80352	-57.78507
-57.75374	-57.86867
-57.72347	-57.66547
-57.62225	-57.88570
-57.53267	-57.64004
-57.47996	-57.60231
-57.40407	-57.52263
-57.24098	-57.60390
-57.18903	-57.38775
-57.10304	-57.04735
-57.19109	-57.05779
-57.08260	-56.85130
-57.02124	-56.93303
-56.93673	-57.20669
-56.96537	-57.16400
-56.99544	-56.93199
-57.04144	-56.88217
-57.03122	-56.82993
-57.04248	-56.48753
-57.01239	-56.44192
-57.03404	-56.57415
-57.01891	-56.30991
-57.00671	-56.25436
-57.01423	-56.29382
-57.05617	-56.18058
-57.08555	-56.35747
-57.05656	-56.28527
-57.02114	-56.75001
-57.02624	-56.78894
-57.05681	-56.75675
-57.07055	-56.63808
-57.07985	-56.64507
-57.02424	-56.64371
-57.02507	-56.66649
-57.04131	-56.72932
-57.05879	-56.74405
-57.12617	-56.79875
-57.12866	-56.64760
-57.17965	-56.67401
-57.24542	-56.73601
-57.29230	-56.81894
-57.34097	-56.81958
-57.36498	-56.87920
-57.43162	-56.94519
-57.55017	-57.11075
-57.61301	-57.23444
-57.66343	-57.37562
-57.72849	-57.48677
-57.83419	-57.69002
-57.98807	-57.92797
-58.07354	-58.05901
-58.13599	-58.14255
-58.23691	-58.31579
-58.35532	-58.50503
-58.51493	-58.76088
-58.61435	-58.92404
-58.68691	-59.03626
-58.78137	-59.18581
-58.90006	-59.38593
-59.05562	-59.64569
-59.15886	-59.82219
-59.21349	-59.91345
-59.29447	-60.05315
-59.39398	-60.23122
-59.52877	-60.46062
-59.61449	-60.61602
-59.65318	-60.69119
-59.71156	-60.80366
-59.79429	-60.95953
-59.91394	-61.16604
-59.98167	-61.29567
-60.01704	-61.32789
-60.03682	-61.37970
-60.07657	-61.46418
-60.17095	-61.63110
-60.20650	-61.70455
-60.18358	-61.67785
-60.16804	-61.66801
-60.17757	-61.70138
-60.24909	-61.83434
-60.26295	-61.86953
-60.20761	-61.78933
-60.15772	-61.72710
-60.14261	-61.70387
-60.17894	-61.78417
-60.15659	-61.75965
-60.05639	-61.60533
-59.95879	-61.46632
-59.89107	-61.47894
-59.89288	-61.50544
-59.85670	-61.45791
-59.75644	-61.28967
-59.66304	-61.17255
-59.57786	-61.11034
-59.55773	-61.10395
-59.50052	-61.07374
-59.36994	-60.93075
-59.28008	-60.76467
-59.21096	-60.61696
-59.15952	-60.60864
-59.07730	-60.53928
-58.93666	-60.30826
-58.74774	-60.02795
-58.62784	-59.83518
-58.57088	-59.74593
-58.49498	-59.61548
-58.33768	-59.47093
-58.18518	-59.15774
-58.09951	-59.00290
-58.04267	-58.88508
-57.86576	-58.64548
-57.80917	-58.55498
-57.64263	-58.34272
-57.56284	-58.31601
-57.38869	-57.99515
-57.23525	-57.68755
-57.14264	-57.50396
-57.00348	-57.45281
-56.95279	-57.31426
-56.81523	-57.07434
-56.68054	-56.73284
-56.60148	-56.68138
-56.46416	-56.73722
-56.41639	-56.60590
-56.40490	-56.55734
-56.38697	-56.49680
-56.35559	-56.44236
-56.31569	-56.58860
-56.35006	-56.62396
-56.31440	-56.65708
-56.46337	-56.46107
-56.50305	-56.63696
-56.54173	-56.98360
-56.60757	-56.81460
-56.72838	-56.77021
-56.88717	-57.12722
-56.99678	-57.21874
-57.07361	-57.16965
-57.09400	-57.13522
-57.25874	-57.38339
-57.50304	-57.57946
-57.63115	-57.66687
-57.78288	-57.57346
-57.85068	-57.46450
-58.07479	-57.66946
-58.20757	-57.72142
-58.22154	-57.66201
-58.19328	-57.51809
-58.23435	-57.73166
-58.31491	-57.95289
-58.30296	-57.94808
-58.27016	-57.75309
-58.21273	-57.83196
-58.13126	-57.92578
-58.00991	-57.66503
-57.97286	-57.61256
-57.98259	-57.57628
-57.79853	-57.78671
-57.83504	-57.92334
-57.76945	-57.75070
-57.60306	-57.62770
-57.58543	-57.38382
-57.51629	-57.71362
-57.49283	-57.60544
-57.32409	-57.35873
-57.25474	-57.36950
-57.22890	-57.25726
-57.19680	-57.15183
-57.15528	-56.96828
-57.10458	-56.61434
-57.17564	-56.72196
-57.13869	-56.82104
-57.03670	-56.69019
-57.00225	-56.71076
-56.91477	-56.65962
-56.94394	-56.69521
-56.90194	-56.58900
-56.90337	-56.60101
-56.89709	-56.60829
-56.91205	-56.53303
-56.89590	-56.62484
-56.83714	-56.53637
-56.76465	-56.52873
-56.84753	-56.55658
-56.78710	-56.51270
-56.82335	-56.58488
-56.81815	-56.52645
-56.85294	-56.40147
-56.89085	-56.47388
-56.92444	-56.36150
-56.92909	-56.38316
-56.93420	-56.31433
-56.89209	-56.26573
-56.95551	-56.34732
-56.95420	-56.34473
-57.00678	-56.34742
-57.04822	-56.38416
-57.04205	-56.40609
-57.12794	-56.51859
-57.16952	-56.62051
-57.22962	-56.77654
-57.29535	-56.89545
-57.35867	-57.01978
-57.46642	-57.18257
-57.55779	-57.27127
-57.65187	-57.40512
-57.72066	-57.51620
-57.77356	-57.58598
-57.89421	-57.78409
-57.97409	-57.89110
-58.07512	-58.05109
-58.13918	-58.16349
-58.19818	-58.23520
-58.30687	-58.42172
-58.37262	-58.51297
-58.45459	-58.65236
-58.50581	-58.74697
-58.52966	-58.79243
-58.61699	-58.94992
-58.65217	-59.01833
-58.72588	-59.13168
-58.76045	-59.20108
-58.76534	-59.22508
-58.84197	-59.35059
-58.87938	-59.40915
-58.92890	-59.48788
-58.97063	-59.55041
-58.96488	-59.59094
-59.00484	-59.67805
-59.01035	-59.68724
-59.01563	-59.71746
-59.01695	-59.73586
-58.96377	-59.67380
-58.98769	-59.73904
-58.97408	-59.72097
-58.95175	-59.70824
-58.93550	-59.70045
-58.85666	-59.69878
-58.82934	-59.71730
-58.78181	-59.71604
-58.75501	-59.68121
-58.73456	-59.66997
-58.65171	-59.61911
-58.64161	-59.59735
-58.58470	-59.58684
-58.53569	-59.59063
-58.49385	-59.54835
-58.45737	-59.44453
-58.41083	-59.38605
-58.31125	-59.25508
-58.25015	-59.21674
-58.20679	-59.10899
-58.10494	-59.20511
-58.07802	-59.11940
-58.00022	-59.09341
-57.92257	-58.99672
-57.85530	-58.84532
-57.76810	-58.72218
-57.71428	-58.58507
-57.60462	-58.37592
-57.54271	-58.30829
-57.42095	-58.07639
-57.29082	-57.93319
-57.22443	-57.77273
-57.11862	-57.61113
-57.04792	-57.51490
-56.97016	-57.31617
-56.91491	-57.34711
-56.86990	-57.33604
-56.78643	-57.23146
-56.74645	-57.11879
-56.62777	-56.87456
-56.60409	-56.61515
-56.49297	-56.56981
-56.40900	-56.69021
-56.36348	-56.62623
-56.30047	-56.70350
-56.27047	-56.59207
-56.38976	-56.62374
-56.38652	-56.60812
-56.35904	-56.59741
-56.30553	-56.77081
-56.42774	-56.84585
-56.52563	-57.01138
-56.63105	-57.10025
-56.68467	-56.98862
-56.84745	-56.94845
-56.98265	-56.71522
-56.99363	-56.69160
-57.10035	-56.94357
-57.18763	-57.31452
-57.43569	-57.42241
-57.51708	-57.31855
-57.57727	-57.63697
-57.61240	-57.68247
-57.64334	-57.60909
-57.78298	-57.71778
-57.95204	-57.76136
-57.98697	-57.73376
-58.08226	-57.86989
-58.09628	-57.81788
-58.09036	-57.90598
-58.08095	-57.76885
-58.11478	-57.54391
-58.05693	-57.32509
-58.01604	-57.05574
-57.94255	-57.03576
-57.86579	-57.08976
-57.81206	-57.11356
-57.71199	-57.16960
-57.63158	-57.47657
-57.61783	-57.61289
-57.54326	-57.61496
-57.50042	-57.58301
-57.34196	-57.32903
-57.30619	-57.50533
-57.29402	-57.43727
-57.27633	-57.41653
-57.25502	-57.28463
-57.14693	-57.21021
-57.13809	-57.15876
-57.11292	-57.06388
-57.04396	-56.96360
-57.00594	-56.96389
-56.95905	-56.55977
-56.90739	-56.64939
-56.87412	-56.55118
-56.88338	-56.48468
-56.84403	-56.43662
-56.78274	-56.24148
-56.77357	-56.21316
-56.72423	-56.22001
-56.64527	-56.26416
-56.65614	-56.25362
-56.65983	-56.48021
-56.67475	-56.49750
-56.68713	-56.54038
-56.69064	-56.65447
-56.68544	-56.72896
-56.70312	-56.62247
-56.75678	-56.65297
-56.78502	-56.64550
-56.83536	-56.69196
-56.86135	-56.66014
-56.88667	-56.61362
-56.93807	-56.63433
-56.95319	-56.68533
-56.99727	-56.69026
-57.04088	-56.68920
-57.10478	-56.70536
-57.17406	-56.82183
-57.21675	-56.91639
-57.29316	-57.02775
-57.33865	-57.05221
-57.41827	-57.12654
-57.48251	-57.22366
-57.52686	-57.26761
-57.60329	-57.37264
-57.63493	-57.46297
-57.69258	-57.52325
-57.75879	-57.63606
-57.80213	-57.70085
-57.87108	-57.81239
-57.90874	-57.87544
-57.97626	-57.99656
-58.03403	-58.10203
-58.09596	-58.23803
-58.18731	-58.35595
-58.24498	-58.43507
-58.29127	-58.57069
-58.35722	-58.67320
-58.40801	-58.76657
-58.46656	-58.87749
-58.52022	-58.97562
-58.56075	-59.05864
-58.59993	-59.14125
-58.64190	-59.22453
-58.67929	-59.30483
-58.71995	-59.38672
-58.73627	-59.43690
-58.76645	-59.50639
-58.78646	-59.56064
-58.81901	-59.61607
-58.83865	-59.66682
-58.81897	-59.65999
-58.83115	-59.74874
-58.81593	-59.74862
-58.82327	-59.79621
-58.83785	-59.82407
-58.81620	-59.73804
-58.78631	-59.71010
-58.73281	-59.72971
-58.66337	-59.69627
-58.61695	-59.64471
-58.49820	-59.51571
-58.44341	-59.44717
-58.40657	-59.31539
-58.32497	-59.23880
-58.28650	-59.18416
-58.16768	-59.00572
-58.12472	-58.93699
-58.01407	-58.83361
-57.94149	-58.70547
-57.85070	-58.60411
-57.71584	-58.52459
-57.64933	-58.43820
-57.52463	-58.29512
-57.37950	-58.21511
-57.28957	-58.06324
-57.16900	-57.92278
-57.12651	-57.90038
-56.94049	-57.70283
-56.86622	-57.63252
-56.81673	-57.49259
-56.75241	-57.23632
-56.67494	-57.16473
-56.60289	-57.14639
-56.56817	-56.86828
-56.52315	-56.71807
-56.52157	-56.35543
-56.59219	-56.28386
-56.49637	-55.98068
-56.44174	-55.85983
-56.43696	-55.77356
-56.46814	-56.22928
-56.54225	-56.39911
-56.56340	-56.49350
-56.66585	-56.68671
-56.74672	-56.86961
-56.91895	-57.75732
-57.00046	-57.95085
-57.17043	-57.94289
-57.34060	-58.02528
-57.36079	-58.22353
-57.52053	-58.15878
-57.59975	-57.98632
-57.70243	-57.97758
-57.88984	-57.86813
-57.95929	-57.65892
-58.03939	-57.25584
-58.04583	-57.04155
-58.06259	-56.94457
-58.15165	-57.03445
-58.21045	-57.00775
-58.19013	-57.39915
-58.15587	-57.47968
-58.07163	-57.79463
-57.95751	-58.07444
-57.93947	-58.10191
-57.82698	-58.23489
-57.87604	-58.14416
-57.81851	-58.15706
-57.75978	-57.91230
-57.71546	-58.00962
-57.56167	-57.65807
-57.57822	-57.49675
-57.48560	-57.00927
-57.43374	-56.70516
-57.39047	-56.54885
-57.29615	-56.29796
-57.28615	-56.31169
-57.23323	-56.53937
-57.18757	-56.70489
-57.14955	-56.68847
-57.05018	-56.76674
-56.99824	-56.78481
-57.06075	-56.76129
-57.03167	-56.94679
-57.00552	-56.82953
-56.99847	-57.01035
-57.02843	-57.06689
-57.05651	-56.88422
-57.04388	-56.77511
-57.03046	-56.70963
-57.07423	-56.52472
-57.03117	-56.43700
-57.04342	-56.73771
-57.04822	-56.48648
-57.06622	-56.43230
-57.06905	-56.21397
-57.07168	-56.19727
-57.13117	-56.09836
-57.13393	-56.00532
-57.18084	-56.01815
-57.19019	-56.01068
-57.25373	-55.96522
-57.29328	-56.08437
-57.33062	-56.07427
-57.40713	-56.15425
-57.45869	-56.15323
-57.49697	-56.32151
-57.57737	-56.45020
-57.65431	-56.57180
-57.75391	-56.71099
-57.83419	-56.82686
-57.90180	-56.92563
-58.00744	-57.07441
-58.11480	-57.22642
-58.22581	-57.39798
-58.30902	-57.51520
-58.38159	-57.68664
-58.48722	-57.84992
-58.59620	-58.01886
-58.70105	-58.18835
-58.77138	-58.34641
-58.83467	-58.46095
-58.93659	-58.63100
-59.04072	-58.80447
-59.14715	-58.98229
-59.21041	-59.09087
-59.25863	-59.18478
-59.33603	-59.31977
-59.40449	-59.43901
-59.48604	-59.58080
-59.51157	-59.63312
-59.53980	-59.69754
-59.57232	-59.76431
-59.60536	-59.83370
-59.65885	-59.93355
-59.64545	-59.93052
-59.65794	-59.97380
-59.66924	-59.99097
-59.67698	-60.00555
-59.69817	-60.05746
-59.62909	-59.96857
-59.60726	-59.95686
-59.57252	-59.89938
-59.52510	-59.89676
-59.50682	-59.88433
-59.39214	-59.72406
-59.37263	-59.72946
-59.31185	-59.68093
-59.24091	-59.64415
-59.20991	-59.59087
-59.09467	-59.39492
-59.03819	-59.33586
-58.95407	-59.20154
-58.90149	-59.13565
-58.86103	-59.09715
-58.74599	-58.91127
-58.69895	-58.87620
-58.61132	-58.81335
-58.52493	-58.70678
-58.47072	-58.69214
-58.32428	-58.50066
-58.22594	-58.41390
-58.08513	-58.33400
-58.03158	-58.33334
-57.93970	-58.33295
-57.77034	-58.26516
-57.72560	-58.16705
-57.62577	-58.08044
-57.50542	-57.92028
-57.44910	-57.81823
-57.23456	-57.70633
-57.15667	-57.62082
-57.04711	-57.61485
-56.96514	-57.40362
-56.90249	-57.40432
-56.76280	-57.20356
-56.73184	-57.02834
-56.60060	-57.03430
-56.59453	-56.82028
-56.55160	-56.87487
-56.50328	-56.77230
-56.45010	-56.72934
-56.35389	-56.74855
-56.26511	-56.72669
-56.27396	-56.71824
-56.26918	-56.45892
-56.29715	-56.45895
-56.33131	-56.47375
-56.39094	-56.43776
-56.37543	-56.29797
-56.53409	-56.33327
-56.58583	-56.52347
-56.63522	-56.44284
-56.57923	-56.82899
-56.69365	-56.98386
-56.80029	-57.05865
-57.01678	-57.03674
-57.23514	-57.17765
-57.33576	-57.32451
-57.54545	-57.41309
-57.69148	-57.75224
-57.78313	-57.76627
-57.83759	-57.73131
-57.89333	-57.80135
-57.97626	-57.83800
-58.07141	-57.62618
-58.05899	-57.53578
-58.06717	-57.47104
-57.99534	-57.29838
-57.95712	-57.45568
-57.97915	-57.67771
-57.97697	-57.66840
-57.99558	-57.71588
-57.86377	-57.60267
-57.92406	-57.29048
-57.88228	-57.06842
-57.84060	-57.12047
-57.73382	-57.36471
-57.66069	-57.37952
-57.59529	-57.53865
-57.48965	-57.47857
-57.42175	-57.31066
-57.29957	-57.24085
-57.23424	-57.17360
-57.16442	-57.24191
-57.06050	-57.11358
-56.99144	-57.27409
-56.94003	-57.32763
-56.91949	-57.23057
-56.89508	-57.11390
-56.86978	-56.99045
-56.80661	-56.99153
-56.78877	-56.84611
-56.80545	-56.75425
-56.78917	-56.59363
-56.80470	-56.39762
-56.79591	-56.30509
-56.78463	-56.42779
-56.76049	-56.35852
-56.74521	-56.39370
-56.71815	-56.37310
-56.68663	-56.24180
-56.65545	-56.21685
-56.62229	-56.25140
-56.61379	-56.21503
-56.65155	-56.22918
-56.67104	-56.29692
-56.70414	-56.31722
-56.74789	-56.50360
-56.75566	-56.52781
-56.78438	-56.54746
-56.83430	-56.55462
-56.88092	-56.57722
-56.94874	-56.65801
-56.99422	-56.68606
-57.05081	-56.74827
-57.12014	-56.97839
-57.20071	-57.06071
-57.29506	-57.16088
-57.33767	-57.21806
-57.40600	-57.34427
-57.49875	-57.47992
-57.58340	-57.60257
-57.68867	-57.80930
-57.74504	-57.89999
-57.85122	-58.08789
-57.96280	-58.26499
-58.04595	-58.39823
-58.15652	-58.57828
-58.19676	-58.65216
-58.27930	-58.78733
-58.38841	-58.96783
-58.47450	-59.09701
-58.57092	-59.26172
-58.61540	-59.32617
-58.69383	-59.44049
-58.79093	-59.60510
-58.84832	-59.76226
-58.92480	-59.89980
-58.95488	-59.94696
-58.99923	-60.03434
-59.08480	-60.18380
-59.11924	-60.25981
-59.17703	-60.37208
-59.18349	-60.40366
-59.20670	-60.46251
-59.27320	-60.58463
-59.29348	-60.63877
-59.33065	-60.71845
-59.34063	-60.75732
-59.33763	-60.77419
-59.37711	-60.84966
-59.37728	-60.87455
-59.38891	-60.89361
-59.39190	-60.97191
-59.38552	-60.94439
-59.39539	-60.97200
-59.38926	-60.96583
-59.35714	-60.98266
-59.35566	-61.00179
-59.29144	-60.91895
-59.26917	-60.89113
-59.23790	-60.84228
-59.18336	-60.80115
-59.15190	-60.76996
-59.05980	-60.62118
-59.03165	-60.56448
-58.97948	-60.46097
-58.88304	-60.32078
-58.82790	-60.25010
-58.70448	-60.04861
-58.65240	-59.97455
-58.56708	-59.81722
-58.44929	-59.61749
-58.36478	-59.50043
-58.24047	-59.28790
-58.18683	-59.37374
-58.05353	-59.17985
-57.93865	-58.94770
-57.84193	-58.84113
-57.70685	-58.67501
-57.64560	-58.52899
-57.52169	-58.36613
-57.35604	-58.17118
-57.27622	-57.98025
-57.11502	-57.69539
-57.04377	-57.55777
-56.89853	-57.43144
-56.77158	-57.24226
-56.76826	-57.40723
-56.70876	-57.26195
-56.63130	-57.19817
-56.51962	-57.07989
-56.38140	-57.05696
-56.38191	-57.03222
-56.27818	-56.95942
-56.21988	-56.89103
-56.11076	-56.80233
-56.11358	-56.72692
-56.19920	-56.51244
-56.19973	-56.44351
-56.26918	-56.41030
-56.35852	-56.52316
-56.50692	-56.50836
-56.55488	-56.63754
-56.73305	-56.79332
-56.82471	-56.89607
-56.93709	-56.75966
-57.04962	-57.04168
-57.29694	-57.06341
-57.49975	-57.36510
-57.60491	-57.61933
-57.69985	-57.53363
-57.80888	-57.98666
-57.89528	-58.08960
-57.86922	-58.07824
-57.92849	-58.00702
-58.03283	-57.84203
-58.12024	-57.69725
-58.17694	-57.56441
-58.22473	-57.48823
-58.20130	-57.65020
-58.28263	-57.68985
-58.24225	-57.57433
-58.18790	-57.37713
-58.16280	-57.42534
-58.10819	-57.77850
-58.04899	-57.64917
-58.00141	-57.36105
-57.86742	-57.63499
-57.77824	-58.14695
-57.64543	-58.29742
-57.57749	-58.23453
-57.50679	-58.15521
-57.45169	-58.02807
-57.40891	-57.73352
-57.33426	-57.42621
-57.33039	-57.40815
-57.31504	-57.35967
-57.26551	-57.23763
-57.21061	-56.85168
-57.26458	-56.93460
-57.27139	-56.78100
-57.19828	-56.76983
-57.27717	-56.75740
-57.21913	-56.61381
-57.15592	-56.37697
-57.13497	-56.42271
-57.11880	-56.40555
-57.05884	-56.28589
-56.99820	-56.43276
-56.99869	-56.63338
-56.96423	-56.69596
-56.94879	-56.59747
-56.91144	-56.53956
-56.86761	-56.46519
-56.92335	-56.53703
-56.91485	-56.50752
-56.96750	-56.55112
-56.97106	-56.36122
-56.94834	-56.48264
-56.92849	-56.45917
-56.94202	-56.46678
-56.91771	-56.31113
-56.89744	-56.29902
-56.90151	-56.17713
-56.92451	-56.13417
-56.97068	-56.18083
-56.99441	-56.09931
-57.01606	-56.30974
-57.05202	-56.21207
-57.15267	-56.33720
-57.23457	-56.43289
-57.26620	-56.42675
-57.33818	-56.52126
-57.38900	-56.60920
-57.49734	-56.80948
-57.57914	-56.93532
-57.65455	-57.05108
-57.76166	-57.22374
-57.84679	-57.28777
-57.97957	-57.48604
-58.06882	-57.62844
-58.13355	-57.72138
-58.25370	-57.87946
-58.31795	-58.11597
-58.44664	-58.32165
-58.53720	-58.52415
-58.59740	-58.62052
-58.70158	-58.76727
-58.75113	-58.84715
-58.85634	-59.02666
-58.93491	-59.16735
-58.98766	-59.26155
-59.05042	-59.37183
-59.07952	-59.40851
-59.15552	-59.59704
-59.21655	-59.71339
-59.26181	-59.77731
-59.31851	-59.86242
-59.33676	-59.88911
-59.40624	-60.02297
-59.46385	-60.13826
-59.48814	-60.18898
-59.51596	-60.24957
-59.51639	-60.25092
-59.57397	-60.34642
-59.61243	-60.43286
-59.62141	-60.46201
-59.66594	-60.49181
-59.63422	-60.44185
-59.63637	-60.46569
-59.64536	-60.55185
-59.62902	-60.54269
-59.59615	-60.50929
-59.52462	-60.44457
-59.51459	-60.40781
-59.51440	-60.40697
-59.49449	-60.37418
-59.44042	-60.35894
-59.34963	-60.19371
-59.28936	-60.09356
-59.23748	-60.02403
-59.19886	-59.95789
-59.14772	-59.88138
-58.99836	-59.63190
-58.91453	-59.44550
-58.82513	-59.31380
-58.76500	-59.21127
-58.67713	-59.06995
-58.50294	-58.80681
-58.39051	-58.72770
-58.32300	-58.62658
-58.23731	-58.48250
-58.14034	-58.30526
-58.02748	-58.27565
-57.90852	-58.09366
-57.82304	-58.13933
-57.74028	-58.08536
-57.60244	-57.99408
-57.50859	-57.82090
-57.37305	-57.68328
-57.29577	-57.57350
-57.22943	-57.50875
-57.17586	-57.44108
-56.99311	-57.33109
-56.90113	-57.17603
-56.92371	-57.10583
-56.90356	-57.26333
-56.80826	-57.16715
-56.67601	-57.07119
-56.61487	-57.01956
-56.57906	-56.95752
-56.60565	-56.78100
-56.58398	-56.66484
-56.52372	-56.64686
-56.43773	-56.53756
-56.40707	-56.47759
-56.39459	-56.48560
-56.37062	-56.55448
-56.38079	-56.51248
-56.48018	-56.50100
-56.48644	-56.33927
-56.55118	-56.25181
-56.60381	-56.29908
-56.67309	-56.21078
-56.78193	-56.82993
-56.91925	-57.04477
-57.01039	-57.19483
-57.06055	-57.18139
-57.22232	-57.44860
-57.37711	-57.61462
-57.43438	-57.82467
-57.44266	-57.76939
-57.50280	-57.86311
-57.67260	-57.98175
-57.85930	-57.84535
-57.94216	-57.91886
-57.87895	-57.83101
-57.91794	-57.80683
-58.09384	-57.40495
-58.11819	-57.16209
-58.07220	-56.89878
-58.10167	-57.03792
-58.10921	-56.80392
-58.04543	-57.28476
-57.96712	-57.44725
-57.87571	-57.41429
-57.84736	-57.51448
-57.86875	-57.60763
-57.73810	-57.77471
-57.65183	-57.92775
-57.61029	-57.77961
-57.54494	-57.89656
-57.51199	-57.93775
-57.36960	-57.87432
-57.30039	-57.53357
-57.22360	-57.50521
-57.13278	-57.19453
-57.04652	-57.23043
-57.00845	-56.88614
-56.95697	-56.86432
-56.96631	-56.77239
-56.96959	-56.64753
-56.93332	-56.59101
-56.79980	-56.40166
-56.73804	-56.37415
-56.68878	-56.29814
-56.68432	-56.41423
-56.66181	-56.29411
-56.63778	-56.28298
-56.62426	-56.20908
-56.63097	-56.19893
-56.60744	-56.22536
-56.57021	-56.17729
-56.58017	-56.34556
-56.56090	-56.58859
-56.55690	-56.58123
-56.60798	-56.63430
-56.59435	-56.54129
-56.59874	-56.41369
-56.57381	-56.48947
-56.61460	-56.48954
-56.64509	-56.49810
-56.67567	-56.49015
-56.73813	-56.43841
-56.76501	-56.41945
-56.80317	-56.39931
-56.85593	-56.45182
-56.92999	-56.50459
-56.99283	-56.56393
-57.01407	-56.54468
-57.03252	-56.59584
-57.09245	-56.67948
-57.18456	-56.81683
-57.22898	-56.86304
-57.25802	-56.93261
-57.28525	-56.96789
-57.34880	-57.06936
-57.44649	-57.18383
-57.49678	-57.23185
-57.56999	-57.30130
-57.61686	-57.37880
-57.69274	-57.55947
-57.78741	-57.69681
-57.86597	-57.83317
-57.92038	-57.92193
-57.97586	-58.01974
-58.05043	-58.15429
-58.11609	-58.27296
-58.16248	-58.39003
-58.20471	-58.46887
-58.25240	-58.56030
-58.30280	-58.65777
-58.34256	-58.73794
-58.34401	-58.75533
-58.37738	-58.80130
-58.40596	-58.86442
-58.43704	-58.93312
-58.46395	-58.97493
-58.44667	-58.94682
-58.46689	-58.95701
-58.50380	-58.99864
-58.51995	-59.04438
-58.50753	-59.04384
-58.45430	-58.96324
-58.42791	-59.02114
-58.42114	-59.01477
-58.41009	-59.02236
-58.37823	-58.97541
-58.28417	-58.83080
-58.25236	-58.80961
-58.21535	-58.77219
-58.18704	-58.85511
-58.13811	-58.78589
-58.05046	-58.61372
-57.97590	-58.51220
-57.92788	-58.50481
-57.90504	-58.45333
-57.82070	-58.39538
-57.76296	-58.28746
-57.67937	-58.20050
-57.64253	-58.16290
-57.58796	-58.10185
-57.48440	-58.08472
-57.34905	-57.82610
-57.30324	-57.79735
-57.27081	-57.79742
-57.17272	-57.68972
-57.02622	-57.60506
-56.90297	-57.42977
-56.83206	-57.33093
-56.81424	-57.24605
-56.83419	-57.13229
-56.65922	-56.91420
-56.61329	-56.70235
-56.53907	-56.58256
-56.45103	-56.43234
-56.39673	-56.26289
-56.25570	-56.23258
-56.13873	-56.09817
-56.06723	-55.99273
-56.11348	-55.86395
-56.13608	-56.05449
-56.13560	-56.14663
-56.13256	-56.26740
-56.13790	-56.36893
-56.11891	-56.39946
-56.14510	-56.88567
-56.24287	-57.08054
-56.34520	-56.97134
-56.38454	-56.86572
-56.40219	-56.91085
-56.50117	-57.18514
-56.86731	-57.50048
-57.02000	-57.39350
-57.01167	-57.48042
-57.11945	-57.55312
-57.28873	-57.52547
-57.35791	-57.13768
-57.58340	-57.24879
-57.71848	-57.05325
-57.71880	-56.94277
-57.85506	-57.34750
-57.92703	-57.56969
-57.89533	-57.57124
-57.97256	-57.42237
-58.06051	-57.63988
-58.13365	-57.62032
-58.04022	-57.71010
-58.10621	-57.82300
-58.03383	-57.84757
-58.02789	-57.97637
-58.06023	-58.03821
-57.98744	-58.04058
-57.94667	-57.71648
-57.94183	-57.39276
-57.91418	-57.28110
-57.82856	-57.27602
-57.73792	-57.07222
-57.61421	-57.17516
-57.49937	-57.37047
-57.41700	-57.19017
-57.38530	-57.29392
-57.23272	-57.06243
-57.22188	-56.83200
-57.18941	-56.81590
-57.14306	-56.91810
-57.05960	-56.97516
-57.03097	-57.09388
-56.98539	-57.10134
-56.98789	-57.16149
-57.00701	-57.17681
-57.01716	-57.03833
-56.95581	-56.84986
-56.89172	-56.74065
-56.91690	-56.66343
-56.92055	-56.51847
-56.95008	-56.44018
-56.91847	-56.18969
-56.94471	-56.11254
-56.93552	-55.89993
-56.95521	-55.92643
-56.98246	-55.98680
-56.98450	-55.72988
-56.97943	-55.70736
-56.93816	-56.09006
-56.95220	-56.00810
-56.96223	-55.89392
-56.90394	-55.74338
-56.91120	-55.72776
-56.93612	-55.69061
-56.95748	-55.80342
-56.95537	-55.75321
-56.95861	-55.74964
-56.98510	-55.81873
-57.01129	-55.88905
-57.05970	-56.06365
-57.09402	-56.10447
-57.13195	-56.21435
-57.18386	-56.27132
-57.21587	-56.37019
-57.27616	-56.50128
-57.33074	-56.56928
-57.36730	-56.66181
-57.44107	-56.77271
-57.49803	-56.85260
-57.58214	-56.98555
-57.68747	-57.10837
-57.74213	-57.19072
-57.83014	-57.31628
-57.90818	-57.41376
-57.98963	-57.55539
-58.06286	-57.68021
-58.11301	-57.76962
-58.18190	-57.94568
-58.23632	-58.05285
-58.32547	-58.19650
-58.39464	-58.32817
-58.44026	-58.42457
-58.50505	-58.55483
-58.55194	-58.70579
-58.60848	-58.82257
-58.64505	-58.96014
-58.67622	-59.02235
-58.72953	-59.11988
-58.75548	-59.19030
-58.79404	-59.27838
-58.79967	-59.31738
-58.79161	-59.33813
-58.81062	-59.40227
-58.83925	-59.45740
-58.84892	-59.49888
-58.83645	-59.53800
-58.79340	-59.50028
-58.78532	-59.51697
-58.78180	-59.53746
-58.76625	-59.59008
-58.74910	-59.55554
-58.70212	-59.49501
-58.68140	-59.49050
-58.67570	-59.50624
-58.63792	-59.47291
-58.57556	-59.38297
-58.50384	-59.26030
-58.46619	-59.20403
-58.44278	-59.18748
-58.37185	-59.09587
-58.26504	-58.94799
-58.15082	-58.86959
-58.13926	-58.77039
-58.09310	-58.71252
-58.00321	-58.58931
-57.92468	-58.38260
-57.78312	-58.18319
-57.69169	-58.01211
-57.63289	-57.91490
-57.54825	-57.80766
-57.44916	-57.54323
-57.36037	-57.58106
-57.24144	-57.59375
-57.19689	-57.66393
-57.07905	-57.57285
-56.94112	-57.37324
-56.76247	-57.13123
-56.69992	-56.91841
-56.60899	-56.77275
-56.55717	-56.56334
-56.43019	-56.27600
-56.34973	-56.35709
-56.29596	-56.11477
-56.28063	-56.20348
-56.23667	-56.14340
-56.20705	-56.13530
-56.18382	-56.10638
-56.15623	-56.12399
-56.24205	-56.09622
-56.15300	-56.13470
-56.23280	-56.24493
-56.30638	-56.59374
-56.33291	-56.69496
-56.35975	-56.67780
-56.41768	-56.85936
-56.41906	-57.19405
-56.72026	-57.32798
-56.77633	-57.27686
-56.95798	-57.39890
-57.07915	-57.45841
-57.16131	-57.54662
-57.25699	-57.46927
-57.37358	-57.44267
-57.48006	-57.51322
-57.68909	-57.35386
-57.80636	-57.56993
-57.99713	-57.23000
-58.06981	-57.35116
-58.08146	-57.11777
-58.16197	-57.45517
-58.17030	-57.35435
-58.06373	-57.40267
-58.06528	-57.68851
-57.98006	-57.73579
-57.94814	-57.63195
-57.93354	-57.57256
-57.83481	-57.93282
-57.81232	-57.77872
-57.77899	-57.62679
-57.71161	-57.45455
-57.64636	-57.62760
-57.57414	-57.60296
-57.52337	-57.57239
-57.56276	-57.43588
-57.51064	-57.31476
-57.43675	-57.32597
-57.42170	-57.02282
-57.33212	-56.92104
-57.26468	-56.80557
-57.15137	-56.84394
-57.17850	-56.89146
-57.08800	-56.73305
-56.96217	-56.62062
-56.91432	-56.65183
-56.91797	-56.80184
-56.86480	-56.59963
-56.85737	-56.61413
-56.80055	-56.79813
-56.77974	-56.74552
-56.77608	-56.64680
-56.84806	-56.82559
-56.86125	-56.82581
-56.83005	-56.79044
-56.87309	-56.83775
-56.86670	-56.66335
-56.87091	-56.65769
-56.85521	-56.41970
-56.85943	-56.44211
-56.85095	-56.49346
-56.82153	-56.47083
-56.83530	-56.39655
-56.87841	-56.34811
-56.91422	-56.26441
-56.93179	-56.22279
-56.94496	-56.24132
-56.99657	-56.33180
-57.06059	-56.42894
-57.07746	-56.53006
-57.12066	-56.50268
-57.11949	-56.50292
-57.18947	-56.54674
-57.20457	-56.51105
-57.25612	-56.61633
-57.31638	-56.75821
-57.33519	-56.79014
-57.39481	-56.82753
-57.44115	-56.81120
-57.52180	-56.88063
-57.62695	-56.98839
-57.64837	-57.09976
-57.74318	-57.28671
-57.83126	-57.44150
-57.92060	-57.55957
-58.00816	-57.68487
-58.04352	-57.72766
-58.12285	-57.83866
-58.17818	-57.90984
-58.29035	-58.03451
-58.37119	-58.15749
-58.41189	-58.22273
-58.48225	-58.33340
-58.53750	-58.39538
-58.60541	-58.60012
-58.67117	-58.70431
-58.71773	-58.76579
-58.77496	-58.86545
-58.80934	-58.92817
-58.87380	-59.03852
-58.93830	-59.19671
-58.95367	-59.23570
-59.00203	-59.31016
-59.00920	-59.34093
-59.05213	-59.42313
-59.09934	-59.50809
-59.09053	-59.51084
-59.09490	-59.58709
-59.07837	-59.56348
-59.11499	-59.60231
-59.13518	-59.64996
-59.10832	-59.62399
-59.09150	-59.61718
-59.02881	-59.54134
-59.00719	-59.53055
-59.00026	-59.54038
-58.96002	-59.49579
-58.90919	-59.48764
-58.83056	-59.34987
-58.78415	-59.27923
-58.75289	-59.24995
-58.72444	-59.21702
-58.65191	-59.10286
-58.53432	-58.95021
-58.51666	-58.82555
-58.46608	-58.74574
-58.44242	-58.67702
-58.36153	-58.57849
-58.19978	-58.27334
-58.10819	-58.21586
-58.03785	-58.13193
-57.95989	-58.01283
-57.84919	-57.79018
-57.67698	-57.67320
-57.58156	-57.41490
-57.47250	-57.40323
-57.36119	-57.36593
-57.31097	-57.20913
-57.16759	-57.12007
-57.04396	-56.97585
-56.96860	-56.95101
-56.87893	-56.95777
-56.79231	-56.83750
-56.65174	-56.67702
-56.60977	-56.65632
-56.55215	-56.56962
-56.57096	-56.40997
-56.55825	-56.34765
-56.56223	-56.48624
-56.52438	-56.41308
-56.51393	-56.33754
-56.50562	-56.22541
-56.47970	-56.24519
-56.45056	-56.51033
-56.48540	-56.70439
-56.46484	-56.55756
-56.45099	-56.48830
-56.50209	-56.92281
-56.58087	-56.67512
-56.56049	-56.73852
-56.63151	-56.80473
-56.71932	-56.97066
-56.75729	-57.18001
-56.90860	-57.44506
-57.11449	-57.47875
-57.29534	-57.45296
-57.35203	-57.49262
-57.45801	-57.48801
-57.47307	-57.33879
-57.58377	-57.23780
-57.67858	-57.48317
-57.71926	-57.48799
-57.68692	-57.44008
-57.74706	-57.15028
-57.84458	-57.01249
-57.86259	-57.11503
-57.82834	-57.24427
-57.82627	-57.43047
-57.70369	-57.41886
-57.74468	-57.30888
-57.78971	-57.61127
-57.74190	-57.77296
-57.65874	-57.64176
-57.56207	-57.74302
-57.51711	-57.65605
-57.47497	-57.54723
-57.47277	-57.59915
-57.48070	-57.51651
-57.54917	-57.30007
-57.57455	-57.13402
-57.56052	-57.30410
-57.50937	-57.37911
-57.40477	-57.13591
-57.26480	-56.95226
-57.17071	-56.94110
-57.15361	-56.77457
-57.14043	-56.74639
-57.07973	-56.67718
-57.06096	-56.78274
-56.93451	-56.63698
-56.94670	-56.58075
-56.92620	-56.72065
-56.91771	-56.81144
-56.81401	-56.88831
-56.77417	-56.92613
-56.79245	-56.70241
-56.78774	-56.63325
-56.82638	-56.74114
-56.80703	-56.59046
-56.83895	-56.58425
-56.81152	-56.54832
-56.85885	-56.54144
-56.86356	-56.52728
-56.85049	-56.34858
-56.79650	-56.16344
-56.79481	-56.23105
-56.87422	-56.30255
-56.91321	-56.34447
-56.93074	-56.29977
-56.93023	-56.24065
-56.96916	-56.30074
-57.06129	-56.45969
-57.14007	-56.52400
-57.17952	-56.51764
-57.27026	-56.59376
-57.28677	-56.57183
-57.39215	-56.71080
-57.48750	-56.81770
-57.56621	-56.92901
-57.62961	-57.01444
-57.67896	-57.04861
-57.76244	-57.18053
-57.83363	-57.28540
-57.87073	-57.46566
-57.92423	-57.57625
-57.96519	-57.68499
-58.05340	-57.83351
-58.13315	-58.01995
-58.21014	-58.09543
-58.28155	-58.25342
-58.33199	-58.33796
-58.41229	-58.47925
-58.49644	-58.61253
-58.55153	-58.70738
-58.62370	-58.82917
-58.69252	-58.92881
-58.77230	-59.07313
-58.85082	-59.20318
-58.91229	-59.29759
-58.97120	-59.40394
-59.01439	-59.48784
-59.08673	-59.62082
-59.14203	-59.73524
-59.16926	-59.85195
-59.20596	-59.93108
-59.22879	-59.98881
-59.28593	-60.10149
-59.32894	-60.18171
-59.32455	-60.25827
-59.33067	-60.29589
-59.33635	-60.33187
-59.37422	-60.41533
-59.38252	-60.46175
-59.34148	-60.42765
-59.31672	-60.41303
-59.31823	-60.42082
-59.31451	-60.43583
-59.28458	-60.46884
-59.22855	-60.42391
-59.17602	-60.36992
-59.15657	-60.34704
-59.13524	-60.31435
-59.07403	-60.24691
-58.97919	-60.09070
-58.90860	-60.03733
-58.87244	-59.98497
-58.82163	-59.90771
-58.75154	-59.78423
-58.60691	-59.60931
-58.54017	-59.46554
-58.49195	-59.38622
-58.39238	-59.24447
-58.28688	-59.05559
-58.13247	-58.97062
-58.02433	-58.82373
-57.95686	-58.86081
-57.90429	-58.69385
-57.75778	-58.45504
-57.64631	-58.10715
-57.50125	-57.96243
